[header]
width=130
height=20
tilewidth=23
tileheight=23
orientation=orthogonal

[tilesets]
tileset=CS3113/assets/graphics/Archive (500 assets)/Platformer assets pixel (retired, 380 assets)/spritesheet.png,23,23,0,0

[layer]
type=Tile Layer 1
data=
33,33,33,33,33,33,33,33,33,33,33,33,33,33,33,33,33,33,33,33,33,33,33,33,33,33,33,33,33,33,33,33,33,33,33,33,33,33,33,33,33,33,33,33,33,33,33,33,33,33,33,33,33,33,33,33,33,33,33,33,33,33,33,33,33,33,33,33,33,33,33,33,33,33,33,33,33,33,33,33,33,33,33,33,33,33,33,33,33,33,33,33,33,33,33,33,33,33,33,33,33,33,33,33,33,33,33,33,33,33,33,33,33,33,33,33,33,33,33,33,33,33,33,33,33,33,33,33,33,33,
33,451,451,451,451,451,451,451,451,451,451,451,451,451,451,451,451,451,451,451,451,451,451,451,451,451,451,451,451,451,451,451,451,451,451,451,451,451,451,451,451,451,451,451,451,451,451,451,451,451,451,451,451,451,451,451,451,451,451,451,451,451,451,451,451,451,451,451,451,451,451,451,451,451,451,451,451,451,451,451,451,451,451,451,451,451,451,451,451,451,451,451,451,451,451,451,451,451,451,451,451,451,451,451,451,451,451,451,451,451,451,451,451,451,451,451,451,451,451,451,451,451,451,451,451,451,451,451,451,33,
33,451,451,451,451,451,451,451,451,451,451,451,451,451,451,451,451,451,451,451,451,451,451,451,451,451,451,451,451,451,451,451,451,451,451,451,451,451,451,451,451,451,451,451,451,451,451,451,451,451,451,451,451,451,451,451,451,451,451,451,451,451,451,451,451,451,451,451,451,451,451,451,451,451,451,451,451,451,451,451,451,451,451,451,451,451,451,451,451,451,451,451,451,451,451,451,451,451,451,451,451,451,451,451,451,451,451,451,451,451,451,451,451,451,451,451,451,451,451,451,451,451,451,451,451,451,451,451,451,33,
33,451,451,451,451,451,451,451,451,451,451,451,451,451,451,451,451,451,451,451,451,451,451,451,451,451,451,451,451,451,451,451,451,451,451,451,451,451,451,451,451,451,451,451,451,451,451,451,451,451,451,451,451,451,451,451,451,451,451,451,451,451,451,451,451,451,451,451,451,451,451,451,451,451,451,451,451,451,451,451,451,451,451,451,451,451,451,451,451,451,451,451,451,451,451,451,451,451,451,451,451,451,451,451,451,451,451,451,451,451,451,451,451,451,451,451,451,451,451,451,451,451,451,451,451,451,451,451,451,33,
33,451,451,451,451,451,451,451,451,451,451,451,451,451,451,451,451,451,451,451,451,451,451,451,451,451,451,451,451,451,451,451,451,451,451,451,451,451,451,451,451,451,451,451,451,451,451,451,451,451,451,451,451,451,451,451,451,451,451,451,451,451,451,451,451,451,451,451,451,451,451,451,451,451,451,451,451,451,451,451,451,451,451,451,451,451,451,451,451,451,451,451,451,451,451,451,451,451,451,451,451,451,451,451,451,451,451,451,451,451,451,451,451,451,451,451,451,451,451,451,451,451,451,451,451,451,451,451,451,33,
33,451,451,451,451,451,451,451,451,451,451,451,451,451,451,451,451,451,451,451,451,451,451,451,451,451,451,451,451,451,451,451,451,451,451,451,451,451,451,451,451,451,451,451,451,451,451,451,451,451,451,451,451,451,451,451,451,451,451,451,451,451,451,451,451,451,451,451,451,451,451,451,451,451,451,451,451,451,451,451,451,451,451,451,451,451,451,451,451,451,451,451,451,451,451,451,451,451,451,451,451,451,451,451,451,451,451,451,451,451,451,451,451,451,451,451,451,451,451,451,451,451,451,451,451,451,451,451,451,33,
33,451,451,451,451,451,451,451,451,451,451,451,451,451,451,451,451,451,451,451,451,451,451,451,451,451,451,451,451,451,451,451,451,451,451,451,451,451,451,451,451,451,451,451,451,451,451,451,451,451,451,451,451,451,451,451,451,451,451,451,451,451,451,451,451,451,451,451,451,451,451,451,451,451,451,451,451,451,451,451,451,451,451,451,451,451,451,451,451,451,451,451,451,451,451,451,451,451,451,451,451,451,451,451,451,451,451,451,451,451,451,451,451,451,451,451,451,451,451,451,451,451,451,451,451,451,451,451,451,33,
33,451,451,451,451,451,451,451,451,451,451,451,451,451,451,451,451,451,451,451,451,451,451,451,451,451,451,451,451,451,451,451,451,451,451,451,451,451,451,451,451,451,451,451,451,451,451,451,451,451,451,451,451,451,451,451,451,451,451,451,451,451,451,451,451,451,451,451,451,451,451,451,451,451,451,451,451,451,451,451,451,451,451,451,451,451,451,451,451,451,451,451,451,451,451,451,451,451,451,451,451,451,451,451,451,451,451,451,451,451,451,451,451,451,451,451,451,451,451,451,451,451,451,451,451,451,451,451,451,33,
33,451,451,451,451,451,451,451,451,451,451,451,451,451,451,451,451,451,451,451,451,451,451,451,451,451,451,451,451,451,451,451,451,451,451,451,451,451,451,451,451,451,451,451,451,451,451,451,451,451,451,451,451,451,451,451,451,451,451,451,451,451,451,451,451,451,451,451,451,451,451,451,451,451,451,451,451,451,451,451,451,451,451,451,451,451,451,451,451,451,451,451,451,451,451,451,451,451,451,451,451,451,451,451,451,451,451,451,451,451,451,451,451,451,451,451,451,451,451,451,451,451,451,451,451,451,451,451,451,33,
33,451,451,451,451,451,451,451,451,451,451,451,451,451,451,451,451,451,451,451,451,451,451,451,451,451,451,451,451,451,451,451,451,451,451,451,451,451,451,451,451,451,451,451,451,451,451,451,451,451,451,451,451,451,451,451,451,451,451,451,451,451,451,451,451,451,451,451,451,451,451,451,451,451,451,451,451,451,451,451,451,451,451,451,451,451,451,451,451,451,451,451,451,451,451,451,451,451,451,451,451,451,451,451,451,451,451,451,451,451,451,451,451,451,451,451,451,451,451,451,451,451,451,451,451,451,451,451,451,33,
33,451,451,451,451,451,451,451,451,451,451,451,451,451,451,451,451,451,451,451,451,451,451,451,451,451,451,451,451,451,451,451,451,451,451,451,451,451,451,451,451,451,451,451,451,451,451,451,451,451,451,451,451,451,451,451,451,451,451,451,451,451,451,451,451,451,451,451,451,451,451,451,451,451,451,451,451,451,451,451,451,451,451,451,451,451,451,451,451,451,451,451,451,451,451,451,451,451,451,451,451,451,451,451,451,451,451,451,451,451,451,451,451,451,451,451,451,451,451,451,451,451,451,451,451,451,451,451,451,33,
33,451,451,451,451,451,451,451,451,451,451,451,451,451,451,451,451,451,451,451,451,451,451,451,451,451,451,451,451,451,451,451,451,451,451,451,451,451,451,451,451,451,451,451,451,451,451,451,451,451,451,451,451,451,451,451,451,451,451,451,451,451,451,451,451,451,451,451,451,451,451,451,451,451,451,451,451,451,451,451,451,451,451,451,451,451,451,451,451,451,451,451,451,451,451,451,451,451,451,451,451,451,451,451,451,451,451,451,451,451,451,451,451,451,451,451,451,451,451,451,451,451,451,451,451,451,451,451,451,33,
33,451,451,451,451,451,451,451,451,451,451,451,451,451,451,451,451,451,451,451,451,451,451,451,451,451,451,451,451,451,451,451,451,451,451,451,451,451,451,451,451,451,33,451,451,451,451,451,33,33,33,33,451,451,451,451,33,33,33,33,451,451,451,451,33,33,33,451,451,451,451,33,33,33,33,33,451,451,451,451,451,451,451,451,451,451,451,451,451,451,451,451,451,451,451,451,451,451,451,451,451,451,451,451,451,451,451,451,451,451,451,451,451,451,451,451,451,451,451,451,451,451,451,451,451,451,451,451,451,33,
33,451,451,451,451,451,451,451,451,451,451,451,451,451,451,451,451,451,451,451,451,451,451,451,451,451,451,451,451,451,451,451,451,451,451,451,451,451,451,451,451,33,33,451,451,451,451,451,33,33,33,33,451,451,451,451,33,33,33,33,451,451,451,451,33,33,33,451,451,451,451,33,33,33,33,33,451,451,451,451,33,33,33,451,451,451,451,451,451,451,451,451,451,451,451,451,451,451,451,451,451,451,451,451,451,451,451,451,451,451,451,451,451,451,451,451,451,451,451,451,451,451,451,451,451,451,451,451,131,33,
33,451,451,451,451,451,451,451,451,451,451,451,451,451,451,451,451,451,451,451,451,451,451,451,451,451,451,451,451,451,451,451,451,451,451,451,451,451,451,451,33,33,33,451,451,451,451,451,33,33,33,33,451,451,451,451,33,33,33,33,451,451,451,451,33,33,33,451,451,451,451,33,33,33,33,33,451,451,451,451,33,33,33,33,33,33,33,451,451,451,33,33,33,451,451,451,33,33,33,33,33,33,451,451,451,451,451,451,451,451,451,451,451,451,451,451,451,451,451,451,451,451,451,451,451,451,451,33,33,33,
33,451,451,451,451,451,451,451,451,451,451,451,451,451,451,451,451,451,451,451,451,451,451,451,451,451,451,451,451,451,451,451,451,451,451,451,451,451,451,33,33,33,33,451,451,451,451,451,33,33,33,33,451,451,451,451,33,33,33,33,451,451,451,451,33,33,33,451,451,451,451,33,33,33,33,33,451,451,451,451,33,33,33,33,33,33,33,451,451,451,33,33,33,451,451,451,33,33,33,33,33,33,33,451,451,451,451,451,451,451,451,451,451,451,451,451,451,451,451,451,451,451,451,451,451,451,33,33,33,33,
33,451,451,451,451,451,451,451,451,451,451,451,451,451,451,451,451,451,451,451,451,451,451,451,451,451,451,451,451,451,451,451,451,451,451,451,451,451,33,33,33,33,33,451,451,451,451,451,33,33,33,33,451,451,451,451,33,33,33,33,451,451,451,451,33,33,33,451,451,451,451,33,33,33,33,33,451,451,451,451,33,33,33,33,33,33,33,451,451,451,33,33,33,451,451,451,33,33,33,33,33,33,33,33,451,451,451,451,451,451,451,451,451,451,451,451,451,451,451,451,451,451,451,451,451,33,33,33,33,33,
33,451,451,451,451,451,451,451,451,451,451,451,451,451,451,451,451,451,451,451,451,451,451,451,451,451,451,451,451,451,451,451,451,451,451,451,451,33,33,33,33,33,33,451,451,451,451,451,33,33,33,33,451,451,451,451,33,33,33,33,451,451,451,451,33,33,33,451,451,451,451,33,33,33,33,33,451,451,451,451,33,33,33,33,33,33,33,451,451,451,33,33,33,451,451,451,33,33,33,33,33,33,33,33,33,451,451,451,451,451,451,451,451,451,451,451,451,451,451,451,451,451,451,451,33,33,33,33,33,33,
33,451,451,451,451,451,451,451,451,451,451,451,451,451,451,451,451,451,451,451,451,451,451,451,451,451,451,451,451,451,451,451,451,451,451,451,33,33,33,33,33,33,33,451,451,451,451,451,33,33,33,33,451,451,451,451,33,33,33,33,451,451,451,451,33,33,33,451,451,451,451,33,33,33,33,33,451,451,451,451,33,33,33,33,33,33,33,451,451,451,33,33,33,451,451,451,33,33,33,33,33,33,33,33,33,33,451,451,451,451,451,451,451,451,451,451,451,451,451,451,451,451,451,451,33,33,33,33,33,33,
33,33,33,33,33,33,33,33,33,33,33,33,33,33,33,33,33,33,33,33,33,33,33,33,33,33,33,33,33,33,33,33,33,33,33,33,33,33,33,33,33,33,33,33,33,33,33,33,33,33,33,33,33,33,33,33,33,33,33,33,33,33,33,33,33,33,33,33,33,33,33,33,33,33,33,33,33,33,33,33,33,33,33,33,33,33,33,33,33,33,33,33,33,33,33,33,33,33,33,33,33,33,33,33,33,33,33,33,33,33,33,33,33,33,33,33,33,33,33,33,33,33,33,33,33,33,33,33,33,33

[Object Layer 1]
# Player
type=PlayObject
location=2,19,1,1

